0.2752
0.4777
0.6810
0.8538
1.2302
1.5835
1.9500
2.1398
2.3078
2.3579
3.3651
3.7606
4.4401
4.7657
4.8492
5.1147
5.5761
5.9316
6.2022
6.2832
6.4592
6.5491
7.0121
7.1967
7.3689
7.4525
7.7402
8.1010
8.4666
8.6353
8.8274
9.0182
9.2007
9.5534
9.9270
10.2832
10.4660
11.0058
11.6951
11.9622
12.2782
12.4765
12.8244
12.9563
13.3596
13.7185
14.2780
15.0155
15.3653
15.7219
16.0763
16.3503
16.4333
16.7043
16.7974
17.1636
17.5331
17.7259
17.9074
18.0883
18.2651
18.4562
18.6368
18.8288
18.9886
19.1811
19.3559
19.5428
19.7116
19.9032
20.0822
20.2626
20.4290
20.6286
20.8046
20.9944
21.1704
21.3515
21.5281
21.7093
21.8736
22.0714
22.2598
22.4437
22.6203
22.9845
23.1775
23.3370
23.5261
23.7094
23.8915
24.2464
24.4245
24.7033
24.7868
24.9665
25.1490
25.3267
25.5199
26.0628
26.2407
26.3831
26.9783
27.3291
27.5122
27.7011
27.8177
27.8726
28.4260
28.7896
28.9759
29.1629
29.2803
29.3479
29.7124
29.8827
30.2305
30.4152
30.7755
31.2032
31.3356
31.6289
31.6989
31.8441
32.0222
32.2146
32.4187
32.5576
32.7868
32.9751
33.1003
33.1732
33.3374
33.6685
33.8712
34.0281
34.2339
34.4158
34.5486
34.6125
34.7831
34.9439
35.1339
35.3110
35.4993
35.6801
35.8624
36.0392
36.2337
36.3782
36.7581
37.1388
37.3193
37.4914
37.8574
38.0503
38.1026
38.3816
38.5812
38.7631
38.8789
39.2714
39.4834
39.6573
40.0252
40.2163
40.3704
40.6409
40.9483
41.1213
41.3054
41.6702
41.8502
42.2120
42.5615
42.7493
42.8116
43.2724
43.6133
43.8607
43.9327
44.2553
44.7539
45.1281
45.3227
45.4943
45.8452
46.2095
46.5346
46.7631
46.9388
47.1107
47.1630
47.2560
47.5412
47.8258
48.0170
48.2096
48.3848
48.7459
48.9734
49.4254
49.6531
49.7178
50.1975
50.5642
51.1045
51.2440
51.4724
51.6232
52.3867
52.7347
52.9007
53.0929
53.2873
53.4466
53.6298
53.8223
54.0051
54.1920
54.5210
55.0470
55.2037
55.4485
55.6224
55.8186
55.9935
56.1601
56.3628
56.5520
56.6355
56.7190
56.9000
57.0841
57.3543
57.9285
58.1755
58.3216
58.5281
58.7061
58.8781
59.0751
59.2613
59.4166
59.6166
59.9782
60.2210
60.3124
60.6977
60.8910
61.0719
61.2716
61.4472
61.7677
62.2996
62.5323
62.8407
62.8916
63.0251
63.1357
63.5984
63.9636
64.0273
64.1828
64.3515
64.4741
64.5382
64.9015
65.0791
65.4255
65.7913
66.2826
66.5149
66.7031
67.0231
67.2441
67.4177
67.6065
68.6882
68.8537
69.0482
69.1760
69.4161
69.7720
70.1354
70.2282
70.5052
70.8782
71.4099
71.6064
71.9645
72.3228
72.4860
72.6842
73.0483
73.3969
74.1158
74.4128
74.7839
75.0426
75.2185
75.5842
75.7695
75.9058
76.3137
76.6813
76.7486
76.8902
77.4139
77.7622
77.9526
78.0529
78.3035
78.6560
79.0269
79.5793
79.9339
80.1086
80.2956
80.4635
80.6535
81.0305
81.5237
81.6376
82.0868
82.2902
82.4695
82.8268
83.0336
83.2025
83.5676
83.9299
84.2853
84.6517
85.0079
85.3738
85.7389
85.8343
86.1006
86.4667
86.8278
87.3829
87.5542
87.9162
88.0148
88.2857
88.4660
88.6453
89.0107
89.2777
89.3765