0.3769
0.6006
0.6634
0.7390
2.6048
2.7908
2.9780
3.3589
3.5422
3.7241
3.9116
4.0959
4.2835
4.4773
4.6574
4.8402
5.0296
5.2217
5.4034
5.5912
5.9621
6.3415
6.5251
6.7101
6.8700
7.0847
7.2445
7.4622
7.6423
7.8073
8.0167
8.9552
9.2958
9.5053
9.6962
9.8618
10.0690
10.2522
10.9931
11.1912
11.3706
11.5615
11.7455
11.9300
12.2835
12.6777
13.0535
13.4269
13.7943
13.9878
14.3597
14.5438
14.7349
14.9201
15.0946
15.2671
15.6660
15.8524
16.0235
16.4126
16.5982
16.7775
16.9692
17.1575
17.3446
17.5085
17.9044
18.0724
18.2544
18.6205
19.0161
19.3955
19.5818
19.7652
19.9575
20.1395
20.3300
20.4929
20.7040
20.8887
21.0586
21.2439
21.4518
21.8232
21.9928
22.3832
22.5515
22.7318
22.9417
23.3119
23.4883
23.8739
24.1636
24.2476
24.6212
24.8086
24.9938
25.1834
25.3673
25.5462
25.7402
25.9223
26.1133
26.3005
26.4642
26.6744
26.7713
26.8324
27.0475
27.2328
27.4213
27.5166
27.5738
27.7941
27.9628
28.1669
28.3521
28.5268
28.7255
28.8890
29.0988
29.2684
29.4500
29.6578
29.8454
30.0322
30.2193
30.4079
30.5901
30.7785
30.8762
30.9303
31.1532
31.2486
31.5249
31.7116
32.0843
32.2692
32.4589
32.6449
32.7440
32.8311
33.0181
33.2040
33.3924
33.4875
33.5473
33.7645
33.9497
34.1371
34.3229
34.5102
34.6975
34.8715
35.0429
35.2578
35.3521
35.4073
35.6210
35.8168
36.0037
36.1907
36.3778
36.5489
36.7491
36.9301
37.1238
37.3077
37.4760
37.6830
37.8703
38.0555
38.2168
38.3823
38.6183
38.7157
38.8034
38.9892
39.0649
39.3629
39.4587
39.5248
39.6944
39.9178
40.0789
40.2669
40.4812
40.6662
40.8160
41.0406
41.2257
41.3416
41.5982
41.7881
41.9557
42.0695
42.1451
42.3475
42.4973
42.7213
42.8169
42.9051
43.0827
43.1719
43.4652
43.6523
43.8372
44.0244
44.1786
44.3993
44.5867
44.6857
44.7478
44.9607
45.1399
45.3339
45.5043
45.7073
45.8919
46.0594
46.2644
46.4481
46.6144
46.8105
46.9012
47.1980
47.3830
47.5744
47.7522
48.1308
48.5036
48.6916
48.8786
49.0649
49.2308
49.6245
49.8117
49.9773
50.1868
50.3702
50.5536
50.7332
50.9311
51.1123
51.2802
51.4899
51.6790
51.8642
52.0227
52.2167
52.4253
52.6087
52.7983
52.9851
53.1724
53.3553
53.5436
53.7165
53.9162
54.1033
54.2817
54.6621
55.1693
55.5883
55.7800
56.1554
56.3279
56.5291
56.7122
56.9018
57.0484
57.4230
57.8210
58.2002
58.3939
58.6309
59.1398
59.2760
59.4816
59.6995
60.0720
60.4441
60.8191
61.1934
61.5493
61.6972
62.1275
62.3125
62.4997
62.6853
62.8543
63.0468
63.2454
63.4225
63.6194
63.8042
63.9925
64.1788
64.3662
64.5338
64.7126
64.9227
65.1109
65.2976
65.4835
65.6708
65.8383
66.0267
66.2067
66.3803
66.6040
66.7898
66.9768
67.1635
67.3509
67.5192
67.7208
68.0916
68.1503
68.4627
68.6565
68.8343
69.0102
69.2171
69.3833
69.5773
69.7560
69.9642
70.1489
70.3120
70.5014
70.7082
70.8829
71.0627
71.2683
71.4494
71.6429
71.8178
71.9991
72.4041
72.7339
73.1489
73.5135
73.7150
73.8912
74.0888
74.2571
74.4622
74.6430
74.8405
75.0026
75.2104
75.5812
75.9225
76.1315
76.2942
76.4962
76.6982
76.8742
77.0734
77.2409
77.4467
77.6223
77.8070
77.9872
78.1881
78.3798
78.5681
78.7417
78.9389
79.3129
79.4814
79.6821
80.0595
80.2376
80.4320
80.6184
80.7846
80.9713
81.1761
81.3638
81.7211
81.9245
82.2988
82.4283
82.6708
82.8548
83.0482
83.2207
83.4169
83.7908
83.9620
84.1634
84.3351
84.5386
84.7011