0.1277
0.7060
1.2338
2.0949
2.3009
2.4712
2.9989
3.3518
3.5291
3.8800
4.0579
5.8240
6.1579
6.7055
6.8813
7.0588
7.2441
7.4114
7.5834
7.9426
8.1185
8.2932
8.6479
8.9793
9.3548
9.5294
9.7047
9.8787
10.0695
10.2361
10.4041
10.7662
10.9422
11.1174
11.4720
11.8229
12.1778
12.3545
12.5312
12.7050
13.0589
13.2358
13.5915
13.9412
14.4702
14.8234
15.1768
15.5276
15.8576
16.3931
16.7398
17.1205
17.4716
17.5413
17.6220
17.8253
18.0004
18.1783
18.3560
18.4425
18.5242
18.7084
18.8839
18.9488
19.0529
19.1341
19.2264
19.5884
19.7644
19.8471
20.2347
20.2955
20.4705
20.6500
20.8245
21.0024
21.1448
21.2611
21.7081
21.8826
22.0612
22.2295
22.4027
22.5899
22.7659
23.1193
23.2968
23.4729
23.6483
23.8264
24.0032
24.0907
24.1795
24.3435
24.5331
24.8851
25.0482
25.2383
25.3180
25.4162
25.5929
25.7664
25.9438
26.1192
26.2977
26.4725
26.6505
26.8269
27.1217
27.3501
27.5295
27.8833
28.0607
28.2378
28.4148
28.7672
28.9425
29.1220
29.4734
29.6559
29.8280
30.0171
30.1800
30.3506
30.5272
30.8853
31.0708
31.2351
31.5911
31.7384
31.9462
32.1241
32.2972
32.4793
32.6184
33.0026
33.3590
33.4993
33.6812
34.0624
34.4118
34.5936
34.9464
35.1214
35.2991
35.6509
35.8269
36.0052
36.3572
36.5332
36.6381
36.8883
37.3937
37.7710
37.9444
38.1237
38.2120
38.2998
38.3913
38.4770
38.5655
38.6533
38.7453
38.8325
38.9207
39.0109
39.1007
39.3556
40.2261
40.4045
40.9455
41.1118
41.4800
41.8339
42.5199
43.0733
43.2451
43.7731
43.9512
44.0473
44.3000
44.6533
44.8316
45.0044
45.5366
45.7106
45.7783
45.8584
46.0650
46.2424
46.3233
46.3983
46.5952
46.7723
46.9484
47.0181
47.1291
47.2680
47.4769
47.6529
47.7427
47.8296
48.0087
48.3619
48.5349
48.7139
49.0454
49.2407
49.4189
49.7738
49.9479
50.1251
50.4779
50.6533
50.8318
50.9999
51.3566
51.5581
51.6549
51.7134
51.8757
52.0071
52.0671
52.2446
52.4197
52.5970
52.7185
52.7723
53.1262
53.4089
53.4787
53.6883
53.7777
54.0078
54.1851
54.5400
54.7346
55.0689
55.2600
55.4196
55.5962
55.9293
56.3007
56.6525
56.8303
57.1831
57.3616
57.7138
57.8897
58.2446
58.4197
58.7373
59.8329
60.1885
60.3640
60.7152
61.0429
61.2453
61.6013
61.9484
62.1208
62.4816
62.6578
63.1869
63.3634
63.5389
63.8927
64.0683
64.4193
64.5978
64.7745
65.1259
65.8335
66.0108
66.1866
66.5400
66.8925
67.0726
67.4236
67.5970
67.7468
67.9256
68.2835
68.3819
68.8349
69.0090
69.1876
69.5419
69.6291
69.7167
70.0637
70.3872
70.7782
71.1288
71.4835
71.6600
71.8350
72.0129
72.5425
72.8959
73.0724
73.4228
73.7764
73.9501
74.3076
74.4850
74.6566
74.8360
75.1898
75.3646
75.7161
75.8965
76.0688
76.4213
76.7746
77.1292
77.3075
77.4823
77.7996
78.1894
78.3661
78.7196
78.8138
79.2480
79.6002
79.7793
80.1081
80.3059
80.4850
80.9256
81.0125
81.3665
81.7216
82.4864
82.7781
82.9539
83.1323
83.3054
83.4849
83.6402
83.8378
84.1008
84.5122
84.7181
84.8962
85.2261
85.4250
85.6026
85.7775
85.9461
86.1285
86.3081
86.4852
86.6341
87.0140
87.1017
87.1895
87.2785
87.3677
87.4554
87.5435
87.7197
88.4175