0.1399
0.3324
0.5193
0.7098
0.8988
1.0889
1.2803
1.6635
1.8485
2.0379
2.2275
2.4177
2.6083
2.8000
3.1825
4.8871
5.0426
5.2667
5.4560
5.6501
6.4053
6.5940
6.7839
6.9743
7.1641
7.3569
7.7370
7.9225
8.1128
8.3034
8.4923
8.6826
8.8463
10.6783
10.7740
11.1693
11.4013
11.5514
11.8809
13.2473
13.6247
14.0047
14.3832
14.7594
14.9481
15.1415
15.5252
15.9025
16.2803
16.6615
17.0372
17.4217
17.7969
17.9856
18.3708
18.9390
19.3188
19.6982
20.0797
20.4564
20.8334
21.0234
21.2178
21.5977
21.9774
22.1668
22.3565
22.7352
23.1195
23.4939
23.8701
24.0606
24.6369
25.0184
25.2026
25.3930
25.6338
25.7772
25.9630
26.1551
26.5328
26.7220
26.9129
27.1040
27.1946
27.2922
27.4801
27.6206
27.8599
28.0505
28.2424
28.4310
28.6213
28.8116
29.0008
29.1905
29.3808
29.5698
29.7627
29.9507
30.1377
30.3289
30.5179
30.7087
30.9081
31.0900
31.4494
31.6595
31.8076
32.0373
32.2290
32.4189
32.5070
32.6116
32.7646
32.9366
33.1744
33.3670
33.5341
33.7473
34.0323
34.1266
34.3152
34.5066
34.6944
34.8858
35.0747
35.2645
35.6456
35.8373
36.0254
36.3997
36.4955
36.5933
36.7880
37.1638
37.3535
37.5431
37.7349
37.9229
38.1125
38.1940
38.2980
38.4920
38.6822
38.8702
39.0616
39.2526
39.4419
39.6300
39.7484
40.0110
40.2011
40.3905
40.5813
40.7678
40.9606
41.1502
41.3410
41.5267
41.7206
41.9104
42.0995
42.2894
42.4799
42.6681
42.8604
43.0541
43.2254
43.4264
43.6182
43.8134
43.9990
44.1853
44.3774
44.5686
44.7574
44.9305
45.1394
45.3257
45.4377
45.5139
45.7066
45.8971
46.0657
46.2760
46.4660
46.6586
46.8482
46.9356
47.0309
47.2247
47.4155
47.6086
47.7963
47.9871
48.1702
48.3609
48.5505
48.7414
48.9301
49.3096
49.4991
49.5722
49.6887
49.8795
50.0922
50.2614
50.4473
50.8294
51.0175
51.2096
51.9675
52.3465
52.5371
52.7252
52.9164
53.1086
53.2984
53.4895
54.1350
54.4345
54.6287
54.8169
55.0034
55.3377
55.5741
55.7627
55.9552
56.1568
56.3339
56.5234
56.9031
57.0932
57.2641
57.3792
57.4733
57.8561
58.0424
58.4220
58.6123
58.8026
59.1812
59.3712
59.5619
59.6976
59.9416
60.1305
60.3202
60.7005
60.8910
61.0791
61.4603
61.6507
61.8386
62.0316
62.2191
62.4098
62.5999
62.7868
62.8963
63.0598
63.3577
63.5488
63.7205
64.3061
64.4977
64.6865
64.8756
65.8210
66.2053
66.5827
66.7791
67.5398
67.9192
68.2980
68.6833
69.0580
69.4378
69.6579
70.1990
70.5788
70.9596
71.3359
71.7183
72.0951
72.4788
72.8542
73.2225
73.6144
73.9933
74.3739
74.7557
74.9410
75.1348
75.2722
75.5164
75.8923
76.2741
76.6526
77.0350
77.4083
78.9312
80.0685
80.4481
80.8296
81.2076
81.5892
81.9665
82.3488
82.7257
83.1092
83.4872
83.8650
84.2462
84.4363
84.6248
85.0056
85.3880
85.7650
86.1454
86.5236
86.9054
87.2826
87.6630
87.8483
88.0441
88.4212
88.6201
88.8011