0.1724
0.4283
0.6677
0.9272
0.9846
1.6821
2.1931
2.4221
3.1153
3.6227
3.8169
5.5955
5.7907
5.8548
5.9620
6.1594
6.3328
6.5114
6.7752
6.9532
7.1907
8.8692
9.0436
9.2385
9.4211
9.9705
10.1853
10.5225
10.8590
11.4311
11.6024
11.7707
12.1341
12.3277
13.0403
13.7516
13.9669
14.3149
14.6909
15.0464
15.7586
18.3106
19.3331
19.4224
19.5817
20.7212
21.0937
22.4821
22.5684
22.6654
23.0269
23.2012
23.5721
23.7536
24.0943
24.4772
25.1357
25.3698
25.9292
26.2951
26.6565
26.9961
27.3800
27.5592
28.1056
28.4476
28.8312
29.0129
30.0989
30.2868
30.3685
30.6490
30.9255
31.0067
31.3710
31.5581
31.7390
31.9082
32.0170
32.1009
32.2826
32.3764
32.6479
32.7384
32.8243
33.0122
33.1900
33.3658
33.4657
33.5414
33.7241
33.9105
34.0963
34.2749
34.3331
34.6407
34.8179
35.0039
35.1884
35.3665
35.5483
35.6424
35.7201
36.0066
36.0903
36.2736
36.3689
36.6383
36.8173
37.0002
37.1802
37.5401
37.7079
37.8717
38.0667
38.1889
38.2580
38.4448
38.6053
38.9938
39.1559
39.3580
39.5438
39.6352
39.7014
40.0586
40.2612
40.4453
40.6253
40.8074
40.9876
41.1707
41.5127
41.8973
42.2592
42.4432
42.5856
42.9515
43.1696
43.3430
43.5291
43.7107
43.8907
44.0708
44.2551
44.4288
44.6227
44.7988
44.9811
45.1268
45.3266
45.5190
45.8697
46.0520
46.2487
46.4246
46.6137
46.7915
46.9708
47.1606
47.3270
47.7013
47.8809
48.0231
48.2466
48.4244
48.7705
48.9623
49.0896
49.3334
49.5161
49.6960
49.8515
50.0577
50.1890
50.2438
50.5855
50.7634
50.9675
51.1237
51.3218
51.4816
51.6727
51.9478
52.2251
52.4167
52.7772
53.1191
53.5047
53.8664
54.0482
54.2264
54.4091
54.9529
55.1316
55.5021
56.4057
56.7710
57.1302
57.3243
57.4773
57.8555
58.2199
58.5812
58.7618
58.8916
59.1915
59.3075
59.4920
59.6741
59.8612
60.0367
60.1167
60.2583
60.6198
60.7598
60.9332
61.1251
61.3680
61.4838
61.6309
61.8461
62.1200
62.3849
62.5719
62.7578
63.3762
63.6609
64.0271
64.3179
64.7517
65.1142
65.4764
65.6466
65.8384
66.1814
66.3831
66.5639
66.7324
66.9291
67.1031
67.2864
67.4744
67.8351
68.3759
68.9232
69.1066
69.2880
69.4666
69.7870
70.1782
70.3538
70.9151
71.1141
72.7177
73.0789
73.2760
73.8076
74.0216
74.3532
74.5206
74.7039
74.9110
75.1483
75.2716
75.4412
75.6348
75.8082
75.9947
76.1773
76.3614
76.7216
76.9124
77.4494
77.6118
77.8120
78.1491
78.5200
78.8983
79.2449
79.6102
79.7911
79.9905
80.1582
80.3485
80.7110
81.0746
81.2576
81.4416
81.6000
81.8080
81.9675
82.5275
83.2529
83.9697
84.3221
84.5594
84.7064
84.8796
85.4232
85.6203
85.9227
86.1375
86.3234
86.8809
87.0617
87.2465
87.4279
87.6054
87.7760
88.8801
89.0562